# Generated: 2026-05-13T02:01:15.552096+00:00
# Station: LWA1
# LST: 10.24 hr
# Lower Frequency: 25.00 MHz
# Upper Frequency: 74.00 MHz
# Antennas Used:
#  Stand  63 pol 0: digitizer 167
#  Stand  31 pol 1: digitizer 192
#  Stand   5 pol 1: digitizer 204
#  Stand 138 pol 1: digitizer 220
#  Stand 220 pol 0: digitizer 435
#  Stand 229 pol 1: digitizer 482
4894.50
4894.50
4894.50
4894.50
4894.50
4894.50
4894.50
4894.50
4894.50
4894.50
4894.50
4894.50
4894.50
4894.50
4894.50
4894.50
4894.50
4894.50
4894.50
4894.50
4894.50
4894.50
4894.50
4894.50
4894.50
4894.50
4894.50
4894.50
4894.50
4894.50
4894.50
4894.50
4894.50
4894.50
4894.50
4894.50
4894.50
4894.50
4894.50
4894.50
4894.50
4894.50
4894.50
4894.50
4894.50
4894.50
4894.50
4894.50
4894.50
4894.50
4894.50
4894.50
4894.50
4894.50
4894.50
4894.50
4894.50
4894.50
4894.50
4894.50
4894.50
4894.50
4894.50
4894.50
4894.50
4894.50
4894.50
4894.50
4894.50
4894.50
4894.50
4894.50
4894.50
4894.50
4894.50
4894.50
4894.50
4894.50
4894.50
4894.50
4894.50
4894.50
4894.50
4894.50
4894.50
4894.50
4894.50
4894.50
4894.50
4894.50
4894.50
4894.50
4894.50
4894.50
4894.50
4894.50
4894.50
4894.50
4894.50
4894.50
4894.50
4894.50
4894.50
4894.50
4894.50
4894.50
4894.50
4894.50
4894.50
4894.50
4894.50
4894.50
4894.50
4894.50
4894.50
4894.50
4894.50
4894.50
4894.50
4894.50
4894.50
4894.50
4894.50
4894.50
4894.50
4894.50
4894.50
4894.50
4894.50
4894.50
4894.50
4894.50
4894.50
4894.50
4894.50
4859.00
4847.50
4807.75
4794.25
4762.50
4662.25
4662.25
4634.75
4609.00
4603.50
4603.50
4603.50
4603.50
4603.50
4603.50
4530.50
4444.00
4382.50
4354.50
4323.75
4302.25
4294.50
4271.50
4270.25
4264.50
4260.75
4211.00
4177.50
4161.50
4121.25
4088.50
4075.00
4037.50
4025.25
3996.00
3979.00
3967.00
3927.50
3903.75
3884.25
3852.50
3822.00
3815.50
3804.25
3781.00
3774.00
3743.50
3725.50
3716.75
3705.75
3669.50
3636.25
3634.00
3634.00
3629.75
3613.50
3607.00
3605.75
3605.75
3605.75
3605.75
3605.75
3617.00
3619.00
3619.00
3619.00
3619.00
3623.50
3623.75
3627.25
3637.75
3638.50
3686.00
3707.75
3735.00
3757.75
3779.00
3784.50
3798.25
3800.50
3824.00
3836.25
3836.25
3841.50
3885.00
3920.75
3940.25
3978.75
3995.50
4008.75
4043.00
4119.25
4146.75
4180.25
4239.50
4267.00
4302.00
4304.75
4319.50
4343.50
4382.50
4404.00
4436.00
4448.00
4511.75
4560.25
4605.25
4635.50
4672.50
4708.50
4746.00
4789.75
4802.00
4816.75
4828.75
4886.25
4893.00
4910.75
4924.50
4925.25
4926.00
4961.00
5018.25
5050.25
5104.25
5154.50
5187.25
5261.00
5286.00
5292.75
5330.75
5337.75
5385.50
5406.50
5436.00
5543.00
5580.50
5648.50
5670.50
5714.50
5830.00
5854.75
5927.25
5960.50
5964.50
6008.00
6056.25
6093.75
6101.75
6106.75
6153.75
6181.75
6224.25
6272.50
6293.50
6320.75
6347.50
6365.50
6387.25
6452.50
6532.00
6573.75
6605.00
6611.50
6630.25
6680.00
6728.00
6741.25
6745.25
6759.00
6782.25
6874.75
6908.00
6911.25
6912.00
6936.00
6976.75
7035.25
7114.75
7185.00
7220.50
7221.25
7228.25
7237.00
7298.25
7321.75
7361.75
7384.75
7410.00
7460.50
7513.50
7566.50
7578.25
7592.00
7596.25
7612.00
7661.25
7775.75
7782.25
7820.75
7824.50
7851.25
7871.75
7896.25
7976.25
7997.75
8051.00
8085.75
8100.25
8169.00
8235.25
8251.75
8298.50
8328.75
8328.75
8386.25
8446.50
8447.25
8469.25
8476.00
8504.25
8566.50
8572.75
8592.00
8598.00
8616.00
8691.00
8691.00
8724.50
8749.75
8766.25
8811.00
8811.00
8818.50
8939.50
8967.75
9011.50
9099.75
9115.00
9140.50
9140.50
9174.25
9227.75
9259.25
9281.50
9331.50
9376.00
9407.50
9444.00
9492.25
9524.00
9524.00
9569.50
9569.50
9569.50
9569.50
9569.50
9569.50
9569.50
9569.50
9569.50
9569.50
9569.50
9569.50
9569.50
9569.50
9569.50
9569.50
9569.50
9569.50
9569.50
9569.50
9569.50
9569.50
9569.50
9569.50
9569.50
9569.50
9569.50
9569.50
9569.50
9569.50
9569.50
9569.50
9569.50
9569.50
9569.50
9569.50
9569.50
9569.50
9569.50
9569.50
9569.50
9569.50
9569.50
9569.50
9569.50
9569.50
9569.50
9569.50
9569.50
9569.50
9569.50
9569.50
9569.50
9569.50
9569.50
9569.50
9569.50
9569.50
9569.50
9569.50
9569.50
9569.50
9569.50
9569.50
9569.50
9569.50
9569.50
9569.50
9569.50
9569.50
9569.50
9569.50
9569.50
9569.50
9569.50
9569.50
9569.50
9569.50
9569.50
9569.50
9569.50
9569.50
9569.50
9569.50
9569.50
9569.50
9569.50
9569.50
9569.50
9569.50
9569.50
9569.50
9569.50
9569.50
9569.50
9569.50
9569.50
9569.50
9569.50
9569.50
9569.50
9569.50
9569.50
9569.50
9569.50
9569.50
9569.50
9569.50
9569.50
9569.50
9569.50
9569.50
9569.50
9569.50
9569.50
9569.50
9569.50
9569.50
9569.50
9569.50
9569.50
9569.50
9569.50
9569.50
9569.50
